   1.0369306e-02
  -1.6779873e-02
  -3.4432168e-02
  -1.0719311e-01
  -6.1166332e-02
  -1.7249557e-01
  -6.9602691e-02
  -1.2867386e-01
  -1.4119844e-01
   6.7128269e-02
  -3.0603797e-01
   3.1933103e-01
  -4.8602628e-01
   4.2920638e-01
  -4.0287435e-01
   2.3204041e-01
   6.5088036e-02
  -3.1185645e-01
   6.3658723e-01
  -7.9326227e-01
   8.4532422e-01
  -7.0867815e-01
   4.6847562e-01
  -3.3937265e-02
  -3.3114350e-01
   7.2178729e-01
  -8.6964640e-01
   9.9141975e-01
  -7.6712149e-01
   6.0844865e-01
  -2.1554408e-01
   8.9121036e-02
   2.4964944e-01
  -1.9303387e-01
   4.8575358e-01
  -3.3744087e-01
   8.4897581e-01
  -7.8983157e-01
   1.5180085e+00
  -1.5807192e+00
   2.2034157e+00
  -2.0257024e+00
   2.2863532e+00
  -1.6013856e+00
   1.4506935e+00
  -6.0227050e-01
   3.5114763e-01
   1.2420056e-01
  -1.4424247e-01
   6.2252804e-02
   1.1367386e-01
  -4.4657217e-01
   5.0522864e-01
  -7.4586859e-01
   4.3508228e-01
  -5.8553626e-01
   1.0446792e-01
  -4.1118821e-01
   1.4306477e-01
  -6.8720984e-01
   6.7197177e-01
  -1.2732299e+00
   1.1995274e+00
  -1.5511724e+00
   1.0862069e+00
  -1.1382086e+00
   2.6326469e-01
  -2.7911865e-01
  -6.6562646e-01
   3.4573033e-01
  -1.0859047e+00
   5.1132318e-01
  -9.9456679e-01
   3.0413511e-01
  -6.5482534e-01
  -7.3430631e-02
  -2.3894697e-01
  -4.1940609e-01
   5.1249637e-02
  -6.4586521e-01
   1.9273787e-01
  -7.5011197e-01
   2.6201461e-01
  -6.1416395e-01
   9.1910499e-03
  -1.8637313e-01
  -5.5430370e-01
   3.9404218e-01
  -1.0880059e+00
   8.4953909e-01
  -1.2832559e+00
   8.5749637e-01
  -9.6380513e-01
   5.3760602e-01
  -4.1225409e-01
   1.0187187e-01
   9.8302014e-02
  -1.7006711e-01
   3.1958685e-01
  -2.3329056e-01
   4.1818518e-01
  -2.9756252e-01
   5.2927356e-01
  -4.7955517e-01
   6.4839225e-01
  -5.5887349e-01
   5.6021955e-01
  -2.7450819e-01
   9.4854579e-02
   2.8631380e-01
  -5.3713370e-01
   8.0230297e-01
  -8.4868659e-01
   9.3365149e-01
  -6.7860223e-01
   7.0417184e-01
  -3.2929855e-01
   4.5608687e-01
  -2.8247670e-01
   5.3008065e-01
  -5.2425279e-01
   7.7241809e-01
  -7.1478535e-01
   6.1423932e-01
  -4.3747440e-01
  -9.7362964e-02
   3.2861121e-01
  -1.0448648e+00
   1.0654064e+00
  -1.6556593e+00
   1.2553797e+00
  -1.6369942e+00
   8.5172019e-01
  -1.1494053e+00
   2.1359238e-01
  -6.2598579e-01
  -2.1513983e-01
  -3.5544566e-01
  -2.7299505e-01
  -3.4931288e-01
  -1.5084619e-01
  -3.9488314e-01
  -1.1298710e-01
  -3.1499816e-01
  -2.1060047e-01
  -1.4072392e-01
  -4.1807335e-01
   7.5507248e-02
  -5.7552437e-01
   9.7446320e-02
  -5.2974132e-01
  -1.4724272e-01
  -2.4145900e-01
  -5.9991374e-01
   1.0021525e-01
  -1.0100258e+00
   2.0219172e-01
  -1.0766457e+00
  -9.5357732e-02
  -6.9155010e-01
  -6.4409361e-01
  -1.6224501e-01
  -9.7260632e-01
   4.5619521e-02
  -8.6686903e-01
  -2.6472666e-01
  -4.1600654e-01
  -7.4099143e-01
  -3.9144522e-02
  -9.7442506e-01
  -1.2118408e-01
  -8.6791810e-01
  -4.3554248e-01
  -7.8847597e-01
  -4.1788978e-01
  -1.1867364e+00
   1.3219628e-01
  -1.9272614e+00
   7.7110332e-01
  -2.3219431e+00
   7.2052760e-01
  -1.8394941e+00
  -1.8781565e-01
  -6.8578508e-01
  -1.3805772e+00
   1.5432153e-01
  -1.9564597e+00
   1.2953203e-01
  -1.5829580e+00
  -5.4444713e-01
  -9.2121187e-01
  -9.8498846e-01
  -7.9281550e-01
  -7.3636545e-01
  -1.3689333e+00
  -1.1332075e-01
  -1.8772176e+00
   1.0052412e-01
  -1.7700095e+00
  -2.8819033e-01
  -1.0729326e+00
  -9.1708622e-01
  -5.7134172e-01
  -1.0324740e+00
  -7.0236882e-01
  -6.2430569e-01
  -1.1428855e+00
  -1.4694860e-01
  -1.2492680e+00
  -2.0842954e-01
  -9.1366929e-01
  -6.1887235e-01
  -4.1750943e-01
  -8.5082651e-01
  -2.5001283e-01
  -7.0414507e-01
  -4.2291232e-01
  -4.4370806e-01
  -5.1767076e-01
  -4.3231185e-01
  -3.4310146e-01
  -6.7022456e-01
  -1.0479152e-01
  -8.7026417e-01
  -3.3789609e-02
  -8.7603504e-01
  -9.4406164e-02
  -8.6496029e-01
  -9.8110836e-03
  -1.0153748e+00
   7.1185284e-02
  -1.0778308e+00
  -5.0429950e-02
  -7.6439455e-01
  -4.6201232e-01
  -3.0405404e-01
  -8.2463346e-01
  -1.2535480e-01
  -7.2923771e-01
  -4.4337030e-01
  -2.9703662e-01
  -7.5749724e-01
  -1.2470828e-01
  -5.4483603e-01
  -4.4918222e-01
   1.1020880e-01
  -8.8779603e-01
   4.3700420e-01
  -7.5774583e-01
   1.3872625e-01
  -1.5602707e-01
  -3.8980656e-01
   1.4899053e-01
  -3.1196065e-01
  -4.1737677e-01
   3.6030620e-01
  -1.3312057e+00
   7.3629054e-01
  -1.3607859e+00
  -3.5430710e-03
  -1.9122470e-01
  -1.5071035e+00
   1.0675226e+00
  -2.3737555e+00
   1.1996864e+00
  -1.7538875e+00
   7.3390022e-02
  -3.8359143e-01
  -1.0276092e+00
   3.3512443e-01
  -9.6253500e-01
  -6.4978090e-02
  -5.7320321e-02
  -7.1723804e-01
   3.5453096e-01
  -4.8336263e-01
  -2.4408655e-01
   5.3458260e-01
  -1.0715813e+00
   1.0840734e+00
  -1.0154466e+00
   3.0466952e-01
  -2.1872159e-02
  -1.0774250e+00
   8.0120339e-01
  -1.8484158e+00
   6.4322216e-01
  -1.7764625e+00
   1.4726553e-02
  -1.7256785e+00
   7.2580793e-02
  -2.3318845e+00
   8.2593615e-01
  -3.0656166e+00
   1.1889622e+00
  -2.6481493e+00
   3.4485633e-01
  -1.1096595e+00
  -9.7987470e-01
   1.7584618e-01
  -1.1425189e+00
  -2.4190012e-01
   3.5676799e-01
  -1.8577197e+00
   2.0287022e+00
  -2.6198012e+00
   2.0002899e+00
  -1.2446364e+00
   4.2738674e-03
   1.0461956e+00
  -2.1116915e+00
   2.0424727e+00
  -2.4881684e+00
   8.0476276e-01
  -1.0069466e+00
  -1.4049513e+00
   5.2293115e-01
  -2.7512688e+00
   7.2758281e-01
  -2.4168536e+00
  -4.4122116e-02
  -1.4339579e+00
  -6.7903087e-01
  -8.6607630e-01
  -7.2305921e-01
  -5.6909210e-01
  -7.0541109e-01
   1.6567369e-01
  -1.1389775e+00
   1.1573327e+00
  -1.5067006e+00
   1.5279863e+00
  -8.1053460e-01
   7.0755063e-01
   8.7461962e-01
  -6.8222552e-01
   2.2829095e+00
  -1.3296366e+00
   2.2010966e+00
  -5.6745637e-01
   7.9128921e-01
   6.4722602e-01
  -7.3812688e-01
   1.1919252e+00
  -1.1720769e+00
   6.6512086e-01
  -5.4067934e-01
  -5.2028259e-01
   4.6208866e-01
  -1.3645193e+00
   1.0004023e+00
  -1.3860277e+00
   8.7745897e-01
  -8.4385289e-01
   2.9553182e-01
  -1.1301018e-01
  -2.5242988e-01
   5.4993524e-01
  -4.7943200e-01
   8.3741354e-01
  -4.3410818e-01
   8.6156672e-01
  -2.7852178e-01
   1.0271976e+00
  -1.5099398e-01
   1.3210745e+00
   3.3631411e-02
   1.3484440e+00
   5.3467634e-01
   6.2885664e-01
   1.5601704e+00
  -7.0498379e-01
   2.3726181e+00
  -1.5057973e+00
   2.2006758e+00
  -1.0519516e+00
   9.4665341e-01
   4.7109666e-02
  -1.6004643e-01
   5.0867442e-01
  -6.5901692e-02
  -4.2635980e-01
   1.2247079e+00
  -1.8609490e+00
   2.2455000e+00
  -2.1451832e+00
   1.7134028e+00
  -7.4500965e-01
  -1.3448610e-02
   1.0993813e+00
  -1.2477256e+00
   1.7310455e+00
  -7.6908227e-01
   8.5269185e-01
   8.7331086e-01
  -3.2086904e-01
   2.0362830e+00
  -4.3048744e-01
   1.6766576e+00
   5.4706184e-01
   4.3688024e-01
   1.6205472e+00
  -7.2810019e-01
   1.7878612e+00
  -1.0758552e+00
   1.1368380e+00
  -9.3221533e-01
   3.7860540e-01
  -9.8401519e-01
   1.7771984e-01
  -1.2842395e+00
   2.4708944e-01
  -1.5232273e+00
   1.6920962e-01
  -1.2216751e+00
  -3.5697577e-01
  -4.9369348e-01
  -1.1100958e+00
   3.7271836e-01
  -1.6395817e+00
   8.4393289e-01
  -1.5996331e+00
   7.9514483e-01
  -8.9245071e-01
   2.7007433e-01
   1.3013016e-01
  -2.7980863e-01
   8.6484366e-01
  -4.7850929e-01
   9.3598674e-01
  -3.5008972e-01
   5.5872730e-01
  -2.8218560e-01
  -7.8330240e-02
  -4.8782105e-01
  -4.0916864e-01
  -8.1359951e-01
  -6.0086625e-01
  -9.3509857e-01
  -8.5827046e-01
  -6.6487039e-01
  -1.2702642e+00
  -3.6074503e-01
  -1.3876899e+00
  -4.0899957e-01
  -9.9340124e-01
  -8.4051213e-01
  -4.2367501e-01
  -1.3230936e+00
   9.8393727e-02
  -1.5260578e+00
   4.6444558e-01
  -1.6055037e+00
   8.4034938e-01
  -1.6609064e+00
   1.2121308e+00
  -1.4483598e+00
   1.3135298e+00
  -7.0434660e-01
   7.7247901e-01
   3.0438562e-01
  -2.5897911e-01
   1.0632259e+00
  -9.9246832e-01
   8.2912565e-01
  -9.9120027e-01
  -5.7076203e-02
  -6.1327073e-01
  -7.3748802e-01
  -4.9521664e-01
  -7.5526391e-01
  -5.6953213e-01
  -5.2771501e-01
  -6.1211947e-01
  -7.3297468e-01
  -6.2439552e-02
  -1.4511459e+00
   9.5004739e-01
  -2.3729495e+00
   1.7898917e+00
  -2.8622157e+00
   2.0622068e+00
  -2.7599345e+00
   1.8364627e+00
  -2.1121808e+00
   1.3475180e+00
  -1.2328514e+00
   8.0272620e-01
  -2.5157486e-01
   4.7902977e-01
   3.9740127e-01
   5.0545820e-01
   1.9969509e-01
   1.1485448e+00
  -6.1846299e-01
   1.5904537e+00
  -1.2202707e+00
   1.3228140e+00
  -8.7931043e-01
   2.5949666e-01
   1.5861704e-01
  -8.7361713e-01
   1.0785252e+00
  -1.0914326e+00
   8.9439852e-01
  -1.9602577e-01
  -1.6168296e-01
   1.0546864e+00
  -1.0567779e+00
   1.5756776e+00
  -1.0694464e+00
   1.2449496e+00
  -3.5515878e-01
   5.4783159e-01
   3.3202363e-01
   1.5894105e-01
   8.3223323e-01
   8.7344575e-02
   1.3839862e+00
  -1.7614962e-02
   2.1975168e+00
  -2.6780907e-01
   2.7383657e+00
  -3.7871239e-01
   2.6541743e+00
  -2.5287849e-02
   1.5628650e+00
   5.1621393e-01
   4.7048859e-01
   5.6133115e-01
   2.4216360e-01
  -7.2532635e-02
   7.7971005e-01
  -6.3560630e-01
   1.0861778e+00
  -4.8909039e-01
   5.8435864e-01
   3.8232739e-01
  -3.6701601e-01
   1.2048114e+00
  -8.6946829e-01
   1.2387722e+00
  -5.3037835e-01
   6.3171575e-01
   8.6464188e-02
   1.0668488e-01
   3.9865782e-01
   3.1219854e-01
   2.5557473e-01
   9.5873798e-01
   2.0020913e-01
   1.3978967e+00
   6.0045504e-01
   1.5006672e+00
   8.5356247e-01
   1.6686132e+00
   5.3238269e-01
   1.9369572e+00
  -5.2428059e-01
   2.2820676e+00
  -1.4253783e+00
   2.1597736e+00
  -1.5675893e+00
   1.3817001e+00
  -9.8071142e-01
   5.5391653e-01
  -4.1735986e-01
   2.4865130e-01
  -3.5388687e-01
   5.2006523e-01
  -4.1443012e-01
   6.6322032e-01
  -1.2596308e-01
   3.0185331e-01
   6.9296334e-01
  -3.9154310e-01
   1.4360096e+00
  -6.6646822e-01
   1.5852309e+00
  -1.5625810e-01
   1.0281628e+00
   8.7183903e-01
   4.1154935e-01
   1.8100701e+00
   2.9476928e-01
   1.8675932e+00
   5.8025474e-01
   1.3944899e+00
   7.1684886e-01
   6.4088545e-01
   6.0752567e-01
   7.0452362e-02
   4.0173167e-01
  -2.6534081e-01
   4.9107742e-02
  -2.0120998e-01
  -2.4507115e-01
   9.3301570e-02
  -6.3596200e-01
   4.8144472e-01
  -8.8450643e-01
   6.3611995e-01
  -7.1181567e-01
   2.3649696e-01
  -5.6188269e-02
  -4.7331486e-01
   6.2209820e-01
  -1.0007411e+00
   8.7295376e-01
  -8.2143378e-01
   7.2738225e-01
  -2.9510953e-01
   5.3885934e-01
   4.1556453e-01
   5.0704098e-01
   1.1074663e+00
   3.2643361e-01
   1.5409281e+00
   2.5385727e-01
   1.3578521e+00
   2.3188479e-01
   4.5275542e-01
   7.7970604e-01
  -8.2178804e-01
   1.4697071e+00
  -1.7515941e+00
   1.4883029e+00
  -1.3578543e+00
   5.8487533e-01
  -8.8854197e-02
  -6.3151179e-01
   9.3997794e-01
  -1.0476023e+00
   1.0178011e+00
  -6.0370469e-01
   4.0098029e-01
   1.8875819e-02
   1.7581860e-01
   4.2787125e-02
   6.3881135e-01
  -4.1749692e-01
   1.4984632e+00
  -7.5493898e-01
   1.9984437e+00
  -3.4073253e-01
   1.9941034e+00
   6.8701532e-01
   1.4758591e+00
   1.5053992e+00
   9.6960080e-01
   1.9111999e+00
   9.8001102e-02
   1.9440283e+00
  -7.7724353e-01
   1.8249095e+00
  -1.2473703e+00
   1.2986008e+00
  -1.0847960e+00
   6.6386636e-01
  -4.8273253e-01
   9.3471631e-02
  -1.3361634e-01
   2.5703432e-01
  -4.7842113e-01
   9.9897408e-01
  -1.4099126e+00
   1.8209105e+00
  -1.7596089e+00
   1.5500153e+00
  -9.7842753e-01
   9.5703839e-02
   9.4209537e-01
  -1.6857785e+00
   2.7315034e+00
  -2.6351853e+00
   3.4805449e+00
  -1.8035071e+00
   2.8425568e+00
   1.1843453e-01
   1.5263345e+00
   1.6076262e+00
   8.5636013e-01
   1.6747587e+00
   8.6023750e-01
   4.3400801e-01
   1.3474098e+00
  -6.9357717e-01
   1.2762574e+00
  -8.8203798e-01
   3.6356163e-01
  -4.1558986e-02
  -5.1360949e-01
   5.2099368e-01
  -6.2272364e-01
   1.1024626e-01
   2.7491693e-01
  -9.0770827e-01
   1.3683531e+00
  -1.6628090e+00
   1.6487700e+00
  -1.4969489e+00
   1.0271850e+00
  -7.7468928e-01
   2.9084258e-01
  -2.7177672e-01
   4.1919242e-01
  -5.4304057e-01
   1.4800969e+00
  -1.1076027e+00
   2.6805626e+00
  -1.2907886e+00
   2.8522556e+00
  -8.0311220e-01
   2.0985903e+00
  -1.8696743e-01
   7.1724127e-01
   7.5522419e-02
  -1.0297476e-01
  -2.2171934e-01
  -2.5282973e-01
  -8.8208065e-01
  -1.8024076e-01
  -8.6087218e-01
  -4.3566907e-01
  -3.6875897e-01
  -1.1560577e+00
   3.6682118e-01
  -1.7324153e+00
   7.1532309e-01
  -1.8444862e+00
   4.2394139e-01
  -1.4063801e+00
  -2.2003688e-01
  -8.4784204e-01
  -8.4684459e-01
  -3.5169874e-01
  -9.6334979e-01
  -9.9512181e-03
  -7.2921488e-01
   3.7932971e-01
  -1.9142496e-01
   7.9075675e-01
   1.5798471e-01
   7.9250739e-01
   5.3584408e-01
   4.3501541e-01
   3.4535715e-01
  -2.1066195e-01
  -6.1717730e-02
  -5.4173499e-01
  -6.8291841e-01
  -6.1929905e-01
  -1.4328392e+00
  -5.9022696e-01
  -1.4220507e+00
  -6.4029266e-01
  -1.0221623e+00
  -9.9597213e-01
  -2.3128828e-01
  -1.1047340e+00
   1.7828175e-01
  -1.0870034e+00
  -6.3780446e-02
  -4.0717928e-01
  -7.0898508e-01
   2.3695332e-01
  -1.2370188e+00
   8.4665305e-01
  -1.0155843e+00
   1.0132694e+00
   2.8807842e-01
   9.1457245e-01
   1.5945957e+00
  -7.9666342e-01
   1.8260109e+00
  -1.4224323e+00
   1.0185454e+00
  -2.0376707e+00
  -8.4249108e-01
  -7.4901396e-01
  -1.8794977e+00
   1.3229412e-01
  -2.3548166e+00
   6.8233417e-01
  -9.3325472e-01
  -1.3361495e-02
  -1.4788928e-01
  -7.1714134e-01
   3.6287986e-01
  -1.2059459e+00
  -7.7138978e-01
  -8.3686880e-01
  -1.1537181e+00
  -7.3414327e-01
  -1.4800556e+00
  -8.5575698e-01
  -7.6089955e-01
  -3.4244179e-01
  -8.7943881e-01
   8.9614361e-01
  -9.9924554e-01
   2.7268649e+00
  -8.9818309e-01
   3.2423750e+00
  -9.7446411e-01
   6.0457618e-01
  -1.0805880e+00
  -6.4231200e-01
  -2.1032984e+00
  -1.2194523e+00
  -2.6510149e+00
   6.5970174e-01
  -3.2361499e+00
   9.6982243e-01
  -2.2594649e+00
   8.7925773e-01
  -7.5360583e-01
  -8.4876915e-01
   8.4528592e-01
  -1.2666387e+00
   6.7458634e-01
  -1.7312786e+00
   9.1332107e-02
  -5.9398172e-01
  -1.2803335e+00
  -1.0794772e+00
  -1.0090394e+00
  -1.1692825e+00
  -3.5182546e-01
  -1.2688804e+00
   9.6642167e-01
  -9.4209337e-02
   9.5051910e-01
   1.7856457e+00
   9.0088186e-01
   2.3863238e+00
  -2.0905119e+00
   1.1610626e+00
  -2.0644847e+00
  -1.9127368e-01
  -3.1085951e+00
  -2.4084095e-01
  -1.0476264e+00
  -3.3131905e-01
  -9.8898688e-01
  -2.4257450e-01
   3.5292609e-01
  -8.0508739e-01
  -2.6220779e-01
  -2.0025461e-01
  -9.1441728e-02
  -1.1845667e-01
  -1.3486582e+00
   5.7077426e-01
  -1.1525725e+00
  -6.9013551e-01
  -1.2141880e+00
  -1.2638911e+00
  -2.1304437e-01
  -1.7928240e+00
   4.7700349e-01
   2.8730545e-01
   4.3596838e-01
   1.8638203e+00
   4.3909695e-01
   3.6697363e+00
  -4.5903556e-01
   4.9762193e-01
  -9.3086708e-01
  -1.7217610e-01
  -8.4642371e-01
  -2.4645821e+00
   1.2226744e+00
  -8.7699983e-01
   9.3981579e-01
  -9.0030701e-01
   1.1728104e+00
   2.5601711e-01
  -1.9090918e-01
  -8.4357586e-02
   1.2709440e+00
  -1.6804789e-01
   1.3363946e+00
  -9.6177128e-01
   1.5869917e+00
  -8.6242983e-01
  -6.2987071e-01
   2.5909887e-01
  -1.6830962e+00
   1.5478421e+00
  -2.0112103e+00
   2.7616553e+00
  -2.6034928e-02
   2.1628102e+00
   1.6587113e+00
   2.3443139e+00
   2.9588707e+00
   1.5519905e+00
   2.4352439e-01
   3.1212219e-01
  -3.1752690e-01
  -2.4359552e-01
  -1.9259919e+00
   1.0188740e+00
  -3.2401223e-01
   1.5168702e-01
  -4.3743444e-02
   1.2890408e-01
   7.4702207e-01
  -1.4102016e+00
   1.4051381e+00
  -6.3005575e-01
   1.5218587e+00
  -6.4534224e-01
   1.0615296e+00
  -7.6307853e-01
  -2.4197940e-01
  -8.4637425e-01
  -8.7650657e-01
  -1.0583585e+00
  -3.0014258e-01
  -6.7414608e-01
   8.8794452e-01
  -1.9865631e-01
   1.8697433e+00
   1.2034146e-01
   2.5742406e+00
   7.1486813e-01
   2.1211023e+00
  -1.6260498e+00
  -2.0488211e-01
  -8.2188217e-01
  -1.4821332e+00
  -1.8878489e+00
  -2.8473846e-01
  -3.9891039e-01
  -7.5457344e-01
  -1.0511012e+00
   1.9917426e-01
  -1.2020312e+00
  -7.4065500e-01
  -7.0403042e-01
   9.6870362e-02
  -6.3822591e-01
  -3.4946149e-01
  -7.8638033e-01
  -8.0008169e-01
  -1.8917332e+00
  -1.1833659e+00
  -2.1594312e+00
  -1.7067869e+00
  -1.1652688e+00
  -1.7983641e+00
   4.3161673e-01
  -1.5136625e+00
   1.3878065e+00
  -9.2948550e-01
   1.7073579e+00
   4.1738368e-01
   1.1391916e+00
  -1.6074156e+00
  -9.7213805e-01
  -1.3732237e+00
  -1.3217467e+00
  -3.1714324e+00
   1.7117306e-01
  -1.4489117e+00
  -1.0951901e+00
  -1.0364761e+00
  -1.2870902e+00
  -4.1920156e-01
  -2.8270857e+00
   3.4382416e-01
  -1.6569470e+00
   5.3263198e-03
  -1.4819718e+00
   2.3132762e-02
  -2.3624980e+00
  -1.1529513e+00
  -2.3327219e+00
  -1.6214713e+00
  -2.2594323e+00
  -1.7447717e+00
  -4.4337209e-01
  -2.0468837e+00
   1.1166043e+00
  -1.6033099e+00
   1.7251006e+00
  -8.6102452e-01
   2.3616310e+00
  -1.8042789e-01
  -2.7374653e-01
  -2.1177176e+00
   1.3116622e-01
  -2.4557387e+00
  -1.6611484e+00
  -8.5847454e-01
  -3.4494490e-01
  -9.1094391e-01
  -1.4515870e+00
   4.4839260e-01
  -1.9242471e+00
  -2.6928452e-01
  -1.1533325e+00
   5.9208815e-01
  -4.9234342e-01
   2.8502950e-03
   6.7142965e-01
  -1.5345975e+00
  -3.5096377e-01
  -1.1984092e+00
  -9.8241141e-01
  -1.2337785e+00
  -1.0880361e+00
   6.1361699e-01
  -1.4045932e+00
   1.6205405e+00
  -4.1997546e-01
   1.7979463e+00
   5.0390901e-01
   2.1241438e+00
   1.9115776e+00
  -9.7494029e-01
   8.2635681e-02
  -5.7899015e-01
   3.6947354e-02
  -2.6249381e+00
   1.4070173e+00
  -6.6727756e-01
   4.8857436e-01
  -1.0543011e+00
   9.5711089e-01
  -6.5683762e-01
  -6.8771457e-01
   5.0725609e-01
   2.3356109e-02
   8.5793005e-01
  -1.9531856e-01
   1.1455038e+00
  -7.1871621e-01
  -6.8380228e-01
  -2.1245959e-01
  -1.4163543e+00
  -2.3450814e-01
  -1.3524121e+00
   1.0143644e+00
  -9.4950702e-01
   1.4224079e+00
   3.3398750e-01
   1.5618938e+00
   9.9110477e-01
   2.6602677e+00
   1.5264066e+00
   3.4295695e-01
  -7.2966393e-01
   7.9423011e-01
  -8.0002929e-01
  -1.4943113e+00
   1.1322695e+00
  -2.7470705e-01
   3.6464207e-01
  -7.8101864e-01
   7.1619154e-01
  -7.5320132e-01
  -6.4644890e-01
   2.3124528e-01
   6.4395449e-01
   1.3474892e-02
   1.1566508e+00
   4.3832301e-01
   9.9929300e-02
  -9.0354056e-01
  -2.1708557e-01
  -2.2660459e-01
  -1.8228287e+00
   1.2041984e+00
  -1.0177744e+00
   1.3406126e+00
  -1.2465673e-01
   1.7136671e+00
   7.4972345e-01
   1.3017828e+00
   2.3321653e+00
   2.1628830e+00
   3.8605363e-01
  -3.8902833e-01
   1.8981842e-01
  -1.2117315e-02
  -2.1769422e+00
   4.9195532e-01
   3.3456409e-01
  -5.1552111e-01
  -1.0460086e-01
  -3.8175071e-01
   2.3475861e-01
  -1.8036563e+00
   6.2014097e-01
  -4.1085650e-01
   7.3212085e-01
  -4.7402354e-01
   1.2727153e+00
  -1.0640177e+00
  -5.2691259e-01
  -9.2035450e-01
  -7.2116147e-01
  -1.3955938e+00
  -2.3868338e-01
  -5.9462330e-01
   3.2978848e-01
  -5.4994537e-01
   1.4672268e+00
  -4.1984081e-01
   1.5431246e+00
   1.3527268e+00
   1.7683894e+00
   1.0275231e+00
  -2.3500377e+00
   1.3051869e+00
  -1.8852183e+00
  -1.3507800e+00
  -4.1036581e-01
  -5.9265988e-01
   1.4747947e+00
  -3.2174922e+00
   3.1056948e+00
  -3.4344583e+00
   1.6426729e+00
  -2.5251596e+00
   1.7170441e+00
  -7.5531748e-01
   3.6868087e-01
   5.0328999e-01
  -3.9975913e-02
  -1.8031354e+00
  -1.9535697e-01
  -1.8527836e+00
  -5.0969344e-02
  -2.4206421e+00
   1.4014061e+00
  -1.7354162e+00
   1.2391877e+00
  -8.6522027e-01
   1.8595306e+00
  -8.9310708e-01
   2.7192260e+00
   5.1160402e-01
   2.2058961e+00
  -2.7834055e+00
   3.8810073e-01
  -6.9210000e-01
  -2.2314139e+00
  -5.6760780e-01
  -5.0458544e-01
   1.0000848e+00
  -2.2176073e+00
   8.7803623e-01
  -1.1006884e+00
  -6.5550395e-01
  -8.3497868e-01
  -2.1732063e-01
   7.3832586e-01
  -1.0968955e+00
   1.2217235e+00
  -7.8229687e-01
  -6.0200676e-01
  -1.8359089e+00
  -2.7373517e-01
  -2.1207168e+00
  -2.4739822e-01
  -1.5861914e+00
   8.7155049e-01
  -1.6938479e+00
   1.4062236e+00
  -1.0447318e+00
   1.3489401e+00
  -1.7721377e-01
   2.7666599e+00
   5.1807139e-01
  -3.7440851e-01
  -1.7925074e+00
   9.3741854e-01
  -2.4366369e+00
  -9.7264527e-01
  -4.3796869e-02
   1.0381138e+00
  -1.3310635e+00
   8.2335519e-01
  -9.2798487e-01
   8.4318379e-01
  -2.3256085e+00
   1.8528250e+00
  -7.2321831e-01
   1.0657481e+00
  -7.0670503e-02
   7.7861953e-01
  -3.5688212e-01
  -1.3850409e+00
  -2.6894356e-02
  -1.2177464e+00
  -6.4235753e-01
  -8.7551491e-02
  -5.2219705e-01
   9.5508160e-01
  -5.1866071e-01
   1.9308190e+00
  -3.3635585e-01
   2.1825347e+00
   1.4908257e+00
   2.9655300e+00
  -2.5119250e-01
  -7.4877625e-01
   6.3910067e-01
  -4.4161167e-01
  -1.4205455e+00
   6.0767250e-01
   1.3355481e+00
   1.7948034e-01
   2.4550893e-01
   5.9228920e-01
   5.8536530e-01
  -6.9558842e-01
   8.3605772e-01
   1.0208675e+00
   9.6982873e-01
   7.7330776e-01
   1.1156301e+00
   8.9759053e-01
  -8.1015909e-01
   1.0068729e-01
   4.8533169e-02
  -2.6098871e-01
   7.9809896e-01
  -3.9769805e-01
   2.3725791e+00
  -6.9536179e-01
   3.1656109e+00
  -7.9531011e-02
   3.0661255e+00
   1.8098597e+00
   3.4090017e+00
   1.8957320e+00
  -6.9112632e-01
   8.8141084e-01
   8.2898311e-01
  -1.1442049e+00
   8.1486764e-01
   1.1030539e+00
   2.0162803e+00
  -2.9624790e-01
   1.2186104e+00
   8.6989339e-01
  -4.7101156e-02
   9.6505010e-01
   8.3964111e-01
   2.3968426e+00
   5.8038860e-01
   1.9249089e+00
   1.2738663e+00
   3.1772157e-01
   3.4919611e-01
   5.9101745e-01
   6.3711603e-02
   1.3742677e+00
  -1.2850874e-01
   2.2378695e+00
   1.2773126e-01
   2.6869262e+00
   6.9857012e-01
   2.4558634e+00
   1.9705076e+00
   3.2903726e+00
   2.5466879e+00
   5.3444239e-01
  -3.1738543e-01
   1.6164040e+00
  -3.1209181e-01
   1.0087977e-01
   1.2243587e+00
   2.2182298e+00
   8.1029509e-01
   5.9064296e-01
   1.3647001e+00
   4.3162431e-01
   6.6130715e-01
   5.4042598e-01
   1.9409545e+00
   1.2266903e+00
   7.1801635e-01
   1.7791402e+00
   8.8027549e-02
   6.2614806e-01
  -1.0298959e+00
   2.6294451e-01
   5.0009051e-01
  -4.9045119e-01
   8.8967860e-01
   3.7893593e-02
   1.6923413e+00
   2.0599691e-01
   1.1259179e+00
   1.7800496e+00
   1.4094836e+00
   3.1200429e+00
   9.8778104e-01
   1.1278743e-01
  -9.6614621e-01
   7.3127919e-01
  -1.8782956e-01
  -9.8619818e-01
   1.9429545e+00
   5.0980346e-01
   5.6695805e-01
  -2.7200848e-01
  -3.0306369e-01
   8.9468229e-01
  -1.6205841e+00
   1.5207950e+00
  -3.1466832e-02
   1.2943176e+00
  -2.1955699e-01
   3.8507194e-01
   2.3690707e-01
  -1.2313488e+00
  -4.5786300e-01
  -8.1960195e-01
   2.3240978e-01
  -9.1153908e-01
  -2.6867028e-01
   4.9251614e-01
   2.3133823e-01
   2.2980731e-01
   3.6541233e-01
   1.1935035e+00
   1.0917326e+00
   2.2100642e+00
   2.6785908e-01
  -3.5005588e-01
  -2.4400139e+00
   1.8203615e+00
  -2.5148314e+00
   8.7508445e-01
  -3.1477199e-01
   1.2936492e+00
  -4.1545128e-01
  -1.1952050e+00
   6.8584609e-01
  -1.6068285e+00
   1.1128475e+00
  -1.8628822e+00
   2.8575837e+00
  -1.6961305e+00
   1.6646249e+00
  -1.0963792e+00
   5.1808744e-01
  -6.7977111e-01
  -1.5337705e+00
   3.2421252e-01
  -8.3620883e-01
  -4.9108016e-01
  -2.4473758e-01
  -4.9390614e-01
   1.7496170e+00
  -1.7279947e+00
   2.4878649e+00
  -1.0405300e+00
   2.8746253e+00
   2.7648830e-01
   2.3597147e+00
  -1.2504728e+00
  -1.2431675e+00
   1.7986174e-01
   3.7045253e-01
  -1.2562547e+00
   1.2325454e+00
   3.8989872e-01
   1.1222227e+00
  -1.0904660e+00
  -7.5572595e-03
   2.1172772e-01
   4.2698248e-01
  -5.6945825e-01
   1.7477807e+00
  -3.3265426e-02
   1.5782226e+00
  -7.7457911e-01
   1.1292152e+00
  -4.8260013e-02
  -7.3685159e-01
  -3.6885148e-01
  -3.1972584e-01
   6.4875981e-01
  -1.3345094e+00
   1.4290390e+00
  -4.7097945e-02
   1.5748379e+00
  -6.9835916e-01
   1.7738496e+00
   9.8286728e-01
   1.6813589e+00
   2.5058635e+00
  -3.5726184e-01
   1.6387162e-01
  -1.9879092e+00
   2.3762537e+00
  -1.5547775e+00
  -4.1130428e-02
   1.9579247e+00
  -7.9062254e-01
   2.0108283e+00
  -2.9360192e+00
   1.7433481e+00
  -1.1886579e-01
  -5.7813613e-01
   1.4475053e+00
  -2.2597849e-01
   2.1796441e+00
  -5.2850164e-01
   6.2428629e-01
   6.3773971e-01
  -4.1921807e-01
  -6.3286768e-01
  -3.6754253e-01
  -5.7142821e-01
   2.3102104e-01
  -9.3623046e-01
   9.4527819e-01
   3.8290145e-01
  -5.1127042e-01
   1.3727045e+00
  -8.3938401e-01
   2.3357087e+00
   6.4410596e-01
   1.9700656e+00
   9.6506661e-01
  -3.4587907e+00
   1.8550995e+00
  -1.5708609e+00
   7.6201322e-01
  -1.2853703e+00
   1.4252852e+00
   2.1775386e-01
  -2.0556764e-01
  -1.8547033e+00
   5.9496987e-01
  -9.3714975e-01
   5.3765730e-01
  -6.8756046e-01
   1.0001419e+00
   8.4762510e-01
  -4.9831549e-01
   1.1055680e-01
  -4.5591657e-01
  -7.3220829e-01
  -5.4799955e-01
  -2.6107135e+00
   1.2142366e+00
  -2.5723982e+00
   7.9435576e-01
  -1.3593184e+00
  -4.0004629e-01
   2.9809778e-01
  -1.5123944e+00
   1.1055992e+00
  -2.2913592e-01
   1.2358048e+00
   2.2652046e+00
  -5.1515578e-01
  -8.0994170e-01
  -2.9396374e+00
   1.9474337e+00
  -1.6461173e+00
  -1.3541877e-02
  -2.7835863e-01
   8.7319804e-01
  -4.7924186e-01
  -1.9352676e+00
  -1.2458443e+00
   2.2585287e-01
  -6.8297529e-01
  -8.6149805e-02
  -3.8381186e-01
   1.1677738e+00
  -1.1356290e+00
   7.4460216e-02
  -1.9054951e+00
   3.4311120e-01
  -1.6979536e+00
  -8.4765273e-01
  -1.3986049e+00
  -8.1768157e-01
  -3.5120873e-01
  -1.4791715e+00
   3.6102367e-02
  -1.2593360e+00
   8.5857232e-01
  -9.7438115e-01
   8.2873412e-01
  -2.6138979e-01
   2.4068248e+00
   7.4773485e-01
  -5.6044498e-01
  -3.0220168e+00
  -3.1103628e-01
   5.8664650e-01
  -1.4490420e+00
   2.6175185e-01
  -8.0180662e-01
   9.6843414e-01
  -1.8687780e+00
  -1.3070222e+00
  -1.1082774e+00
   5.4914154e-01
  -3.5449508e-01
  -1.7040218e-01
  -7.9185766e-01
   1.2557751e+00
  -2.2446808e+00
   9.4184342e-01
  -3.4336292e+00
   1.7674637e+00
  -2.5921932e+00
  -2.8311997e-01
  -1.9068822e+00
  -1.7021531e+00
   4.9559920e-01
  -2.4003994e+00
   8.9578974e-01
  -1.9224427e+00
   1.1887060e+00
  -8.1729374e-01
  -6.4521598e-01
   7.5028298e-01
   2.1263644e-01
   2.6750953e+00
  -1.8158859e+00
  -2.1642962e+00
  -1.2976535e+00
  -1.2422984e-01
   9.2869180e-02
  -2.4412842e+00
   6.3879925e-01
  -1.6496839e+00
   4.2726119e-01
  -2.4477662e+00
  -9.5498788e-01
  -3.4757905e-01
  -2.1989430e-01
  -4.8493693e-01
  -5.9983238e-01
  -7.5901394e-01
   4.6164362e-01
  -1.5822984e+00
  -6.1241890e-01
  -1.5740775e+00
  -4.0304322e-01
  -1.1444639e+00
  -1.9519913e+00
  -7.6772289e-01
  -1.7473241e+00
  -3.1905625e-01
  -1.0585506e+00
  -1.0402334e+00
  -2.2792946e-02
  -1.3144635e+00
   7.7749746e-02
  -5.5641728e-01
  -2.1679776e-01
   2.2652703e+00
  -3.0204099e-03
   5.6396565e-01
  -4.1704166e+00
  -3.5725908e-01
   6.6480105e-02
  -1.0876142e+00
   3.2123693e-01
  -2.6137202e+00
   1.9643467e+00
  -1.9975968e+00
  -1.1746770e-01
  -2.4195954e+00
  -7.3834241e-01
  -7.5994817e-02
  -7.1056262e-01
  -6.3360708e-01
  -3.4788875e-01
  -1.3291209e+00
   9.1602557e-02
  -2.5008272e+00
  -2.2564090e-01
  -1.3660137e+00
  -9.1938593e-01
  -8.8693686e-03
  -2.8972023e+00
   1.1329053e-01
  -2.7783154e+00
   4.6000555e-01
  -1.4490722e+00
  -1.1364993e+00
  -2.1429457e-01
  -1.2315279e+00
   6.9690901e-01
  -8.7943989e-01
   3.9000949e-01
   1.3003144e+00
   3.8203333e-01
   2.9342426e-01
  -3.0927206e+00
  -6.6175932e-01
  -1.2124475e-01
  -1.6526371e-01
  -2.0241135e-01
  -8.3664294e-01
  -1.0499119e-01
   1.7629666e-01
  -1.8531927e+00
  -5.6048151e-01
  -1.9006798e+00
   9.7185227e-01
  -1.0726378e-01
  -1.0212123e-01
   1.8292974e-01
  -1.6033053e+00
   1.1518555e+00
  -1.5371243e+00
   4.8777954e-01
  -1.2865132e+00
  -8.1376737e-02
  -5.1347118e-01
  -1.1063539e+00
  -6.6851581e-01
  -9.7938861e-01
  -6.3266672e-01
  -4.9090473e-01
  -5.5375326e-01
  -5.9045886e-02
  -2.4181698e-01
   1.6450301e-01
   5.1568967e-01
   5.7065098e-01
   1.3289297e+00
   1.0070317e+00
   2.1021997e+00
  -1.1034703e+00
  -4.6291346e-01
  -2.2706243e+00
   2.3889394e+00
  -1.8888009e+00
   2.2861258e+00
  -2.6397176e+00
   1.9155356e+00
  -1.2489401e+00
   4.7124827e-01
  -6.8869680e-01
  -4.7340451e-01
   1.8814337e+00
  -1.3897991e-01
   1.7955314e+00
  -1.1298404e+00
   5.2213988e-01
   1.4079826e-01
  -1.5644943e-01
   5.4760897e-01
  -8.6698532e-01
   8.6104056e-01
  -9.1352074e-01
   6.6345079e-01
  -8.8577317e-01
   1.1655996e+00
  -8.1629793e-01
   9.9312854e-01
  -1.7658703e+00
   9.2958238e-01
  -4.9891403e-01
   1.3714369e+00
   5.6137045e-01
  -8.1788691e-02
   1.3660024e+00
  -6.9328367e-01
   1.6526093e+00
   1.0952570e-02
   1.4905594e+00
   1.0736491e+00
  -2.0734743e+00
   1.1509801e-01
  -1.8009524e+00
   2.2542780e+00
  -6.4470697e-01
   1.6851434e+00
  -7.8389247e-01
   1.2235547e+00
  -2.6752676e-01
   2.5097003e-01
  -1.0071816e+00
   1.4033838e-01
   8.3127147e-02
   8.4585447e-01
   2.3984830e-01
  -2.1996975e-01
  -3.8011886e-01
   4.7244259e-01
  -7.6194456e-01
   7.1431889e-01
  -1.5269005e+00
   1.4434549e+00
  -1.0406120e+00
   1.5234788e+00
  -1.4309372e+00
   1.1516790e+00
  -1.4095503e+00
   1.1983271e+00
  -1.4155543e+00
   8.0811984e-01
  -8.2934221e-01
   4.0553866e-02
  -2.4740154e-01
  -1.1952092e+00
  -1.6630564e-01
  -1.2657950e+00
  -7.7614998e-02
   2.9430587e-01
  -1.0733462e+00
   9.9057263e-01
  -2.0794367e+00
   9.3487155e-01
  -1.3257265e+00
   4.8358119e-01
   2.1010226e-01
   3.3693987e-02
   1.1926950e+00
  -2.3429768e-01
   5.7797051e-01
  -1.1271431e+00
  -4.1242467e-01
  -9.8996277e-01
   6.3268646e-01
  -4.6898373e-01
   8.1376761e-01
  -5.6165958e-01
   8.0326639e-02
   1.4893776e-01
  -1.3646875e+00
   1.2088602e+00
  -2.5768501e+00
   2.3145691e+00
  -2.6867659e+00
   2.3145146e+00
  -2.5824659e+00
   1.3084091e+00
  -1.6251429e+00
   4.6559056e-01
  -6.2420328e-01
  -5.3486977e-01
   4.6911160e-01
  -9.7857388e-01
   1.3846187e+00
  -1.0569504e+00
   1.1147038e+00
  -4.4653590e-01
   4.2117796e-01
   1.0333046e+00
  -7.5077510e-01
   1.9480749e+00
  -2.0477247e+00
   1.0603206e+00
  -2.0769162e+00
   8.8114790e-01
  -4.2307410e-01
   2.2551044e-01
   2.1534888e-01
  -6.7065261e-01
   6.1350504e-01
  -5.3819338e-01
   3.6111935e-01
  -3.3678556e-01
   1.5001884e-01
   5.7355606e-01
  -7.1029171e-02
   1.1618764e+00
  -1.2954403e+00
   1.4912931e+00
  -1.6700561e+00
   2.0086752e+00
  -1.4831746e+00
   8.8852022e-01
  -6.2736388e-01
  -7.1754322e-02
   1.0295361e+00
  -7.5819204e-01
   1.3015615e+00
  -1.1710679e+00
   8.8859619e-01
  -5.6516339e-01
   6.1145463e-01
  -2.9091208e-01
   5.2008855e-01
  -4.0124315e-01
   6.7761151e-01
  -2.1729190e-01
   1.7342945e-01
   5.8322986e-01
  -9.0947124e-01
   1.6634581e+00
  -1.5414640e+00
   1.9582867e+00
  -1.3561254e+00
   1.1786148e+00
  -2.2608725e-01
  -4.7676282e-02
  -1.5424536e-01
  -2.8633898e-01
   6.5289179e-02
   9.3894094e-01
  -3.0623158e-01
   1.1916808e+00
  -4.9872015e-01
   5.9067346e-01
   7.4227563e-01
  -5.5459519e-01
   2.0994399e+00
  -1.3028777e+00
   2.4832859e+00
  -1.2959994e+00
   9.2611192e-01
  -1.1727502e+00
   1.7719635e-01
   4.4983200e-02
   7.1492714e-01
  -1.4589670e-01
   1.0528075e+00
  -1.0966256e+00
   1.7679375e+00
  -1.4300946e+00
   1.6199985e+00
  -9.3629269e-01
   7.3811912e-01
   5.7409059e-01
  -4.7633403e-01
   1.8497447e+00
  -1.7833184e+00
   2.1286421e+00
  -2.2261462e+00
   1.7195269e+00
  -1.6392489e+00
   7.8693956e-01
  -7.5162150e-01
   1.7111779e-01
  -5.9772211e-02
   9.6495757e-02
  -4.7933759e-01
   3.1865500e-01
  -9.9580981e-01
   1.1939263e+00
  -9.9008386e-01
   1.2109084e+00
  -8.0384426e-01
   4.8869075e-01
  -1.5174201e-01
  -2.0033235e-02
   3.3167958e-01
  -3.0465734e-01
   1.6674599e-01
   8.7108698e-02
  -2.2027328e-01
   3.7738806e-01
  -1.5668536e-01
   3.2515722e-01
   3.2968270e-01
  -2.2352235e-01
   9.0383702e-01
  -7.1470906e-01
   1.1048610e+00
  -5.5390359e-01
   8.8512857e-01
   9.8394913e-02
   3.2585017e-01
   4.7813873e-01
  -2.4212852e-01
   4.5475642e-01
  -1.9387110e-02
   1.6265329e-01
   6.2084155e-01
  -3.7420552e-01
   9.7673603e-01
  -7.7399529e-01
   9.6679473e-01
  -6.0786601e-01
   7.4531741e-01
  -6.4774324e-01
   3.0418582e-01
  -5.0908975e-01
   9.1687831e-01
  -3.5731098e-01
   1.2870558e+00
  -4.7408035e-01
   1.0290140e+00
  -1.6523635e-01
   6.3421099e-01
   7.6154261e-01
   2.4563789e-01
   1.2579311e+00
  -4.7829598e-02
   1.1922247e+00
   2.9642411e-01
   5.9891717e-01
   4.4707161e-01
  -4.5601094e-01
   9.2522754e-01
  -7.7432848e-01
   1.7981244e+00
  -1.0408327e+00
   2.2139164e+00
  -1.1973065e+00
   2.0309895e+00
  -1.0387912e+00
   1.3996533e+00
  -5.3495404e-01
   7.2398119e-01
  -1.8196376e-01
   8.3802741e-01
  -8.1813310e-02
   1.3266097e+00
  -5.6498692e-01
   1.5274420e+00
  -5.5233800e-01
   1.2861779e+00
   1.0055716e-01
   8.2178709e-01
   7.3857014e-01
   8.6357272e-01
   5.7638071e-01
   1.1245393e+00
  -4.7216262e-01
   1.5202362e+00
  -6.8216115e-01
   1.5113276e+00
  -3.5552227e-02
   6.1064494e-01
   8.7400059e-01
  -1.9937622e-01
   1.0179378e+00
  -1.0114491e-01
   3.8278992e-01
   8.4153747e-01
  -4.4272136e-01
   1.7141051e+00
  -6.7481827e-01
   1.6671478e+00
  -2.2107551e-01
   8.9639632e-01
   9.7725725e-02
   4.6245717e-01
  -1.6987428e-01
   1.0855069e+00
  -1.2695246e+00
   2.4445228e+00
  -2.5023538e+00
   3.4499093e+00
  -3.0618848e+00
   3.5009114e+00
  -2.3726361e+00
   2.4038825e+00
  -1.0647925e+00
   8.4766542e-01
   2.4330432e-01
  -2.8046323e-01
   9.2710436e-01
  -5.8635670e-01
   8.8692342e-01
  -4.2498719e-01
   6.5840623e-01
  -1.9912900e-01
   3.3749099e-01
  -2.3769965e-01
   4.2409227e-01
  -1.5987778e-01
   5.8203398e-01
  -6.3630350e-02
   6.8675159e-01
   1.8546577e-02
   5.5072560e-01
  -1.3623102e-01
   5.9898740e-01
  -1.4574658e-01
   7.6794708e-01
  -1.0222762e-01
   5.6543887e-01
   3.2315434e-01
  -4.0158993e-02
   1.0610489e+00
  -9.1367689e-01
   1.7954260e+00
  -1.2318115e+00
   1.8070393e+00
  -8.6154909e-01
   6.3615894e-01
  -8.6232326e-02
  -7.3029974e-01
   9.6010683e-01
  -9.1053522e-01
   1.1347816e+00
   1.5367402e-01
  -2.7679737e-01
   1.6503774e+00
  -1.9414283e+00
   2.8519287e+00
  -2.3766978e+00
   2.5213346e+00
  -1.3385832e+00
   1.0452872e+00
   2.7300179e-01
  -5.8930121e-01
   9.3525210e-01
  -1.1371219e+00
   5.1402655e-01
  -3.3690558e-01
  -4.1308356e-01
   6.8402641e-01
  -1.1906528e+00
   1.1093603e+00
  -1.2874358e+00
   8.7771130e-01
  -7.2575169e-01
   3.6438417e-01
  -8.5282459e-02
  -4.5249156e-01
   5.3474091e-01
  -1.0812765e+00
   1.0659791e+00
  -1.2802926e+00
   1.0373202e+00
  -9.1472811e-01
   2.8110602e-01
   1.6778887e-01
  -4.6248782e-01
   8.6707443e-01
  -8.7517752e-01
   7.8106468e-01
  -1.9107076e-01
  -1.1940200e-01
   2.1447504e-01
  -1.1525217e+00
   2.0043949e-01
  -1.0580987e+00
  -2.6701434e-01
   4.6384233e-02
  -1.0098456e+00
   9.3074889e-01
  -1.5715229e+00
   1.1247592e+00
  -1.5570809e+00
   1.1098778e+00
  -1.4942555e+00
   9.6441171e-01
  -1.7181064e+00
   1.0467431e+00
  -1.6735589e+00
   8.9969260e-01
  -1.1162290e+00
   1.4914365e-01
  -1.0552747e-01
  -1.1740751e+00
   7.5214799e-01
  -1.8771593e+00
   1.0008830e+00
  -1.5745922e+00
   1.3925324e-01
  -5.0304696e-01
  -1.0117007e+00
   5.2933113e-01
  -1.6705771e+00
   7.3862297e-01
  -1.4105470e+00
  -9.9137205e-02
  -8.1056049e-01
  -1.1249379e+00
  -3.2047568e-01
  -1.2339433e+00
  -4.1308166e-01
  -6.7702470e-01
  -1.1030099e+00
  -2.3675075e-04
  -1.5616151e+00
   2.7889667e-02
  -1.2891560e+00
  -6.0630268e-01
  -2.9801211e-01
  -1.6236252e+00
   6.1139091e-01
  -2.3515902e+00
   1.0801398e+00
  -2.3525854e+00
   6.9225039e-01
  -1.5551765e+00
  -5.1545903e-01
  -1.7966984e-01
  -2.0153387e+00
   1.1151859e+00
  -3.1496617e+00
   1.5286397e+00
  -3.0187986e+00
   8.6618530e-01
  -1.5898712e+00
  -7.5986525e-01
   1.4422295e-01
  -2.3269170e+00
   1.3091018e+00
  -2.7849896e+00
   1.2358053e+00
  -2.2657229e+00
   4.8407938e-01
  -1.4698811e+00
  -2.0361992e-01
  -1.2249176e+00
  -3.0450870e-01
  -1.4770879e+00
  -3.2395275e-02
  -1.5388324e+00
  -7.5143151e-02
  -1.1286592e+00
  -6.7000688e-01
  -3.7691274e-01
  -1.3069215e+00
   2.9027162e-01
  -1.4658707e+00
   3.7274148e-01
  -1.3106672e+00
  -2.6835448e-02
  -1.0776822e+00
  -1.7717221e-01
  -1.0474390e+00
   6.5683726e-02
  -1.2155590e+00
   3.3829272e-01
  -1.3211171e+00
   4.4248649e-01
  -1.0977948e+00
   3.0743301e-01
  -9.2500024e-01
   2.2199656e-01
  -9.5472855e-01
   5.0460130e-01
  -1.1803638e+00
   7.9014066e-01
  -1.4933545e+00
   9.2760339e-01
  -1.4597777e+00
   7.4204869e-01
  -1.2141036e+00
   4.3382748e-01
  -6.7184994e-01
   1.0009375e-02
  -2.8243104e-01
  -3.6393829e-01
   1.0630550e-01
  -5.7260674e-01
   2.3559207e-01
  -6.6185537e-01
   2.8782986e-01
  -6.1987428e-01
   4.7035330e-01
  -8.8279114e-01
   8.7177976e-01
  -1.2979952e+00
   1.3439640e+00
  -1.5475334e+00
   1.3072408e+00
  -1.0840577e+00
   5.7609184e-01
   6.8437552e-02
  -6.1424655e-01
   1.2702680e+00
  -1.5881830e+00
   1.8168561e+00
  -2.0159994e+00
   1.4107191e+00
  -1.5562504e+00
   6.5503073e-01
  -5.4138695e-01
  -8.2385265e-02
   5.3172238e-01
  -4.8937169e-01
   9.7333821e-01
  -3.0360845e-01
   4.9782098e-01
   6.1013325e-01
  -6.9989512e-01
   1.7551537e+00
  -1.7423212e+00
   2.3035205e+00
  -1.7717602e+00
   1.4411948e+00
  -7.5187961e-01
  -3.1361388e-01
   7.1589463e-01
  -1.6249167e+00
   1.4354229e+00
  -1.6972205e+00
   1.1086151e+00
  -5.9955580e-01
   2.4174072e-01
   3.8795314e-01
  -4.0797952e-01
   5.4972887e-01
  -3.1993364e-01
   6.7064867e-02
   1.2047027e-01
  -3.9266320e-01
   4.5569778e-01
  -5.1230695e-01
   4.2918913e-01
  -2.4202092e-01
   2.3231937e-01
   1.8030170e-01
  -5.7048527e-02
   5.8740914e-01
  -2.3979276e-01
   8.6574149e-01
  -3.2195758e-01
   3.6277851e-01
  -3.8306284e-01
  -5.5456929e-01
  -1.1120443e-01
  -1.1027800e+00
   2.3585443e-01
  -8.6040296e-01
  -4.5870548e-02
  -2.3224570e-01
  -9.2933024e-01
   4.1384668e-01
  -1.3552544e+00
   6.1441300e-01
  -1.0593349e+00
   1.4761927e-01
  -6.2713613e-01
  -4.8336512e-01
  -3.3507717e-01
  -6.4823483e-01
  -1.7900168e-01
  -4.8988280e-01
  -2.7937335e-01
  -5.6568812e-01
  -4.9148533e-01
  -5.2836941e-01
  -7.8074793e-01
  -2.1433548e-01
  -1.2993932e+00
   2.1544094e-01
  -1.5964444e+00
   2.7347368e-01
  -1.1665528e+00
  -4.4471455e-01
  -1.7986282e-01
  -1.3886613e+00
   6.2724747e-01
  -1.9138220e+00
   5.1400308e-01
  -1.6074545e+00
  -2.9464026e-02
  -1.1724345e+00
  -2.8197983e-01
  -1.4625695e+00
   6.0969601e-02
  -2.2513048e+00
   7.4908028e-01
  -2.4157659e+00
   7.9714241e-01
  -1.6100827e+00
  -3.8457740e-02
  -2.8776726e-01
  -1.2390177e+00
   7.0424337e-01
  -1.8420934e+00
   8.9096781e-01
  -1.8132876e+00
   6.0977195e-01
  -1.3789960e+00
   2.1526412e-01
  -9.5255805e-01
  -1.6583975e-01
  -5.3642539e-01
  -8.0332933e-01
  -2.6780538e-01
  -1.4768588e+00
  -2.2734503e-01
  -1.4712868e+00
  -4.9127401e-01
  -6.7048921e-01
  -1.0664700e+00
   2.7644613e-01
  -1.6337143e+00
   5.5567429e-01
  -1.6412984e+00
   1.2363586e-01
  -1.1040091e+00
  -6.0810205e-01
  -5.9006885e-01
  -1.0113010e+00
  -5.5453147e-01
  -7.9001847e-01
  -7.9243737e-01
  -9.7492778e-02
  -9.9615905e-01
   4.8566008e-01
  -9.8347586e-01
   5.4556941e-01
  -6.0645433e-01
   2.7717530e-01
  -8.9017370e-03
  -5.6532467e-01
   1.3690419e-01
  -1.5283213e+00
   1.4090194e-01
  -1.8221807e+00
   2.8611463e-01
  -1.3740802e+00
   1.3811740e-01
  -5.7988358e-01
  -4.1913320e-01
   2.9166289e-01
  -1.1097293e+00
   1.0263868e+00
  -1.4959881e+00
   1.1427433e+00
  -1.3403553e+00
   4.6886942e-01
  -5.6226759e-01
  -6.0247492e-01
   5.9610144e-01
  -1.3158275e+00
   1.2645134e+00
  -1.3772096e+00
   9.4895439e-01
  -8.2563704e-01
   6.3944683e-02
  -2.0712210e-01
  -6.0673573e-01
  -4.3829816e-02
  -4.7236262e-01
  -2.5037053e-01
   2.2550049e-01
  -4.5167138e-01
   7.0090685e-01
  -1.5831082e-01
   4.5637735e-01
   4.3590592e-01
  -1.2672163e-01
   1.0463284e+00
  -2.5574881e-01
   9.7768538e-01
   2.7342631e-01
   2.2029214e-01
   1.3344384e+00
  -6.4229440e-01
   1.7880116e+00
  -1.1214353e+00
   1.1635187e+00
  -4.5540414e-01
  -1.0650274e-01
   1.0398118e+00
  -1.1263402e+00
   2.0363477e+00
  -1.3093101e+00
   1.5892870e+00
  -3.8013277e-01
   2.2682137e-01
   9.5784302e-01
  -8.4656620e-01
   1.5704798e+00
  -9.7250407e-01
   1.0478989e+00
  -3.4106106e-01
   3.4169271e-01
   4.6670772e-02
   2.9385642e-01
  -5.8087745e-01
   9.7495301e-01
  -1.5444054e+00
   1.9300664e+00
  -1.7965763e+00
   2.0349567e+00
  -1.0698719e+00
   1.2422503e+00
   1.0677067e-01
   4.0055438e-01
   1.0386805e+00
   1.9028581e-01
   1.2766448e+00
   3.2967988e-01
   1.0354049e+00
   3.9864557e-01
   5.3064955e-01
   1.0009328e-01
  -8.0014405e-02
   1.7947099e-02
  -5.2582487e-01
   6.5588468e-01
  -6.8689067e-01
   1.3673755e+00
  -6.4501217e-01
   1.4703662e+00
  -1.5755894e-01
   9.8264024e-01
   4.9303572e-01
   4.0111788e-01
   7.3949121e-01
   9.2453858e-02
   4.1838138e-01
   1.5491959e-01
   1.2116822e-01
   2.5344667e-01
   1.0733791e-01
  -1.2265386e-01
   2.7346612e-01
  -7.1614317e-01
   5.8841652e-01
  -8.9397798e-01
   9.5850758e-01
  -7.3325614e-01
   1.0234105e+00
  -4.5333421e-01
   1.0112365e+00
   9.0575776e-02
   1.0512943e+00
   7.2652814e-01
   7.7145339e-01
   1.1439860e+00
   3.4057022e-01
   1.3543830e+00
  -8.5028262e-02
   7.9153782e-01
  -7.2865037e-01
   9.0588021e-02
  -7.3691030e-01
   4.9212284e-02
   1.3199853e-02
   6.3645045e-02
   7.1084934e-01
  -3.3191767e-01
   1.1960070e+00
  -6.4777965e-01
   1.2570878e+00
  -4.8321984e-01
   4.2513146e-01
   6.8778439e-02
  -7.4632836e-01
   9.6581551e-01
  -1.2723943e+00
   1.2942416e+00
  -1.3305009e+00
   6.5817360e-01
  -9.5177530e-01
  -4.2517174e-02
  -4.2684742e-01
  -5.8608781e-02
  -2.2544668e-01
   3.1347133e-01
  -3.6744244e-01
   7.8295815e-01
  -3.5168686e-01
   1.2395259e+00
  -1.6202426e-01
   1.6836380e+00
  -2.1276844e-01
   1.9676261e+00
  -4.5957989e-01
   1.9823936e+00
  -8.2699142e-01
   5.4804114e-01
  -5.1550484e-01
  -9.3194199e-01
   1.1159293e+00
  -1.6057567e+00
   2.2261250e+00
  -1.5129324e+00
   1.8493459e+00
  -3.0958315e-01
   8.0638646e-01
   8.1611902e-01
  -1.6164913e-01
   6.7780184e-01
   1.2698663e-02
  -1.6044531e-01
   1.0400114e+00
  -8.1315322e-01
   1.3721311e+00
  -6.7995331e-01
   5.8860615e-01
  -1.2310133e-01
  -5.6488184e-01
  -1.8444566e-01
  -5.0561357e-01
  -8.9548633e-01
   8.4067870e-01
  -1.4627820e+00
   1.5364887e+00
  -1.0340660e+00
   4.7312823e-01
   9.7142058e-01
  -1.1628019e+00
   3.1528729e+00
  -2.1866706e+00
   3.4367729e+00
  -1.5256299e+00
   2.2616256e+00
   4.0495472e-01
   1.5688306e-01
   6.1359958e-01
  -1.6584195e+00
   6.0799675e-01
  -1.0589743e+00
   9.6790554e-01
  -2.8652105e-01
   9.2049717e-01
   7.1684926e-02
   1.0299741e+00
   7.2554610e-01
   3.9638576e-01
   1.1128812e+00
  -9.5664962e-01
   1.7824303e+00
  -1.2314332e+00
   2.2038316e+00
  -7.1413208e-01
   1.4181346e+00
   4.2283405e-01
   3.4782669e-01
   1.5835652e+00
  -9.4381319e-01
   1.7583177e+00
  -1.9076857e+00
   2.1618979e+00
  -1.6402152e+00
   2.4862740e+00
  -1.1419045e+00
   2.0546229e+00
  -3.9350415e-02
   1.4685744e+00
   1.3115729e+00
   7.4438558e-01
   2.0449484e+00
   5.0777783e-01
   2.4985797e+00
   8.4674873e-01
   2.7533708e+00
   7.1302592e-01
   2.2586756e+00
  -1.1337408e+00
   2.0945547e+00
  -1.4943524e+00
   2.7222185e+00
  -9.0190852e-01
   2.3151622e+00
   2.4953582e-01
   2.0081417e+00
   1.2041307e+00
   1.5962686e+00
   3.9604300e-01
   1.4864807e+00
  -5.3997515e-01
   2.2441341e+00
  -1.0064042e+00
   2.3877341e+00
  -8.3925458e-01
   2.1498871e+00
  -2.7162751e-02
   1.4439483e+00
   8.9082150e-02
   5.9987216e-01
  -4.6234620e-02
   1.5873582e-01
   6.0988803e-03
   3.8049682e-01
   6.3576927e-01
   5.3749992e-01
   1.0710094e+00
   3.5411489e-01
   1.2082308e+00
   3.1166075e-01
   1.2906480e+00
   5.1736258e-01
   1.1188519e+00
   8.7114645e-01
   1.2188990e+00
   1.6426691e+00
   1.3888254e+00
   1.7647394e+00
  -1.9941025e-01
   1.8632401e-01
  -5.2769274e-01
   4.3711408e-01
   2.3901720e-01
   7.0758669e-02
   6.6785986e-01
   6.5190724e-01
   1.4487962e+00
   8.4097434e-01
   1.8681045e-01
   1.5506349e-01
  -4.7543278e-01
   5.2997237e-01
  -4.7686775e-01
   1.6628477e-01
  -3.0880044e-01
   3.8005815e-01
   1.9639346e-01
   4.4388728e-01
  -6.5721923e-01
   2.6048557e-01
  -1.3636599e+00
   7.4148047e-02
  -1.7459854e+00
  -2.6414397e-01
  -6.5556550e-01
  -3.7867803e-01
  -3.8316672e-02
  -8.0285983e-01
  -4.1358602e-01
  -7.7450762e-02
  -1.4411069e+00
   9.7351777e-01
  -2.6719895e+00
   1.8384226e+00
  -2.3196454e+00
   1.9839279e+00
  -1.0892410e+00
   9.3030039e-01
   2.5634400e-01
  -1.2295943e+00
  -4.5832264e-01
  -2.2848296e+00
  -5.7546007e-02
  -1.8317683e+00
  -1.0304462e-01
  -1.2193088e+00
   5.8146228e-01
  -4.8154780e-01
   1.8732165e-01
  -1.3981331e+00
  -6.3131178e-01
  -1.5136833e+00
  -3.8979153e-01
  -1.8817898e+00
   1.8333694e-02
  -1.9673414e+00
   1.1260316e+00
  -1.8939585e+00
   7.4736905e-01
  -1.6941302e+00
  -5.3260920e-01
  -4.6740010e-01
  -2.6098274e+00
   3.8708567e-01
  -3.2362810e+00
   1.5098257e+00
  -2.5335983e+00
   5.3926632e-01
  -1.4572155e+00
  -6.2963655e-01
  -9.3336912e-02
  -1.7006052e+00
   1.0853932e-01
  -1.2331629e+00
   6.7241104e-02
   2.3951454e-01
  -7.0315966e-01
   1.6742694e+00
  -1.0419244e+00
   1.3246749e+00
  -2.9909436e+00
  -2.3236526e-01
  -1.8593028e+00
  -7.9909371e-01
  -6.5939601e-01
  -1.4950996e+00
   8.7529598e-01
  -6.3852115e-01
   3.6798497e-01
  -1.0446751e+00
  -1.2450692e+00
  -5.3868835e-01
  -1.4195901e+00
  -7.6369577e-01
  -1.0015186e+00
  -8.7521860e-01
   6.1579709e-01
  -1.2618221e+00
   6.3345003e-01
  -1.6882166e+00
   1.8374601e-01
  -1.2279489e+00
  -9.8230706e-01
  -8.6288394e-01
  -1.6910985e+00
   1.0704044e-01
  -1.6772910e+00
   3.7682587e-01
  -1.7838587e+00
   3.2494104e-01
  -1.4030818e+00
  -2.9156490e-01
  -1.1046867e+00
  -7.1090973e-01
  -1.9674457e-01
  -3.8092234e-01
   2.7862935e-01
   4.7339610e-01
   4.9724947e-01
   1.5388807e+00
  -4.7510088e-01
  -2.3047969e-01
  -1.5715190e+00
   1.0003863e-01
  -6.6800061e-01
  -4.3555274e-01
  -1.1273995e-01
   4.1739292e-01
   1.2193450e+00
  -2.4185500e-01
   2.3976118e-01
  -1.2967967e+00
   6.4334438e-01
  -1.4656728e+00
   2.3745066e-01
  -1.1423247e+00
   7.1280932e-01
   2.9164059e-01
  -3.4385573e-02
   2.8315656e-01
  -6.6592579e-01
   3.9685942e-01
  -1.0978784e+00
  -3.2768932e-01
  -1.0878697e+00
  -2.8507758e-01
  -9.3138165e-01
  -7.5133516e-02
  -7.6771953e-01
  -1.1527994e-01
  -3.7488199e-01
  -5.1210247e-01
  -1.9053910e-01
  -6.1228633e-01
  -8.7662318e-02
   4.4066407e-01
  -5.3212238e-01
   1.8082715e+00
  -8.0382469e-01
   2.8238449e+00
  -5.7990917e-01
   1.6091681e+00
  -2.0340234e+00
  -2.0340897e-01
  -9.4097798e-01
  -2.3420161e-02
  -1.1002943e+00
   6.7452598e-01
  -1.5848817e-01
   1.4295373e+00
  -4.1213831e-01
  -6.9220178e-01
   4.6729944e-01
  -2.1457492e+00
   1.5625425e+00
  -3.0523227e+00
   1.8514983e+00
  -9.0768383e-01
   7.0510222e-01
   7.3167358e-01
  -1.6788266e+00
   1.8161344e+00
  -2.1638253e+00
   6.4566128e-01
  -1.2639668e+00
  -9.2592916e-01
   7.8890991e-01
  -2.2552531e+00
   1.2522126e+00
  -1.8958598e+00
   4.2369937e-01
  -6.4889300e-01
  -1.1494829e+00
   6.5341366e-01
  -1.7646894e+00
   1.2872824e+00
  -1.6918860e+00
   1.5838090e+00
  -9.7213426e-01
   1.8921549e+00
  -5.5031142e-01
   2.1159009e+00
   5.9632805e-03
   9.6454347e-01
  -1.5191423e+00
  -5.6170155e-01
  -5.6961627e-01
  -3.9467171e-01
  -1.1496609e+00
   5.8354584e-01
  -5.6367916e-01
   1.5726262e+00
  -1.5677453e+00
  -1.9430512e-01
  -7.1753402e-01
  -1.3734768e+00
   1.8818321e-01
  -2.4436677e+00
   1.1246815e+00
  -9.8474538e-01
   2.3541090e-01
  -5.7010739e-01
  -8.7370975e-01
  -2.6668814e-01
  -1.0779543e+00
  -1.7845199e+00
  -5.3870174e-01
  -1.6316911e+00
  -3.5559392e-01
  -1.3215481e+00
  -1.9815183e+00
   5.3695151e-01
  -3.0022936e+00
   5.7107351e-01
  -2.6779932e+00
  -2.7412723e-01
  -4.6009412e-01
  -2.0411035e+00
   8.5401972e-01
  -2.0233476e+00
   1.3439172e+00
  -1.0462014e+00
   5.4667076e-01
   1.7354546e-01
   6.4349796e-01
  -6.2810089e-01
  -1.1320566e+00
  -2.4896120e+00
  -1.4285191e-01
  -2.3336755e+00
  -5.9730037e-01
  -1.4344951e+00
   3.7430207e-01
  -7.2567694e-01
  -4.1325300e-01
  -2.3023196e+00
   3.3739301e-02
  -2.6283696e+00
  -2.8108361e-01
  -2.3512250e+00
  -5.6094406e-02
  -3.9390028e-01
  -1.0320022e+00
  -3.0525551e-01
  -1.4659068e+00
  -1.5353843e-01
  -1.7944495e+00
  -1.3245456e+00
  -1.6517111e+00
  -7.1470939e-01
  -1.2636431e+00
  -6.7722948e-01
  -1.8432681e+00
  -1.2092739e+00
  -2.0211181e+00
  -1.2740090e+00
  -1.9043335e+00
  -9.4234591e-01
  -1.6767044e+00
   4.1293878e-02
  -2.3975743e+00
   4.2371045e-01
  -2.4438039e+00
   8.2670343e-01
  -1.7251076e+00
   3.7281302e-01
  -2.6650310e-01
   3.8114526e-01
   3.4626952e-01
  -1.4094990e+00
  -1.8299022e+00
  -1.2657885e+00
  -1.4184815e+00
  -1.3878355e+00
  -1.3174146e+00
  -4.9134068e-01
   5.5790491e-01
  -1.2482020e+00
  -2.3415571e-01
  -2.1061830e+00
   2.6164138e-01
  -2.5546912e+00
   2.1952787e-01
  -1.9571587e+00
   1.3338563e+00
  -9.6790022e-01
   4.7384802e-01
  -2.4378400e-01
  -8.3224259e-01
   6.8293196e-01
  -2.7479737e+00
   1.1941351e+00
  -2.7102570e+00
   1.5734692e+00
  -1.6952035e+00
   4.5514878e-01
  -9.7124664e-01
  -1.2697315e+00
  -3.6550617e-01
  -1.3427387e+00
  -2.8743378e-01
  -5.9364822e-01
  -5.9685663e-02
  -8.3907653e-03
  -3.0604894e-01
  -4.5364401e-01
   7.1053624e-01
  -4.9649380e-01
   1.7002750e+00
  -7.4639192e-01
   2.6254095e+00
  -1.1713776e-01
   2.3814265e+00
  -1.3562423e+00
  -5.9165435e-01
  -5.0660555e-01
  -4.8652877e-01
   1.1503942e-01
  -3.5571116e-01
   1.2612588e+00
   1.4345551e+00
  -5.7250392e-03
   8.0478099e-01
  -1.2518431e+00
   1.1170885e+00
  -1.1350620e+00
   4.8093288e-01
   7.5282478e-01
   5.5764689e-01
   2.3306097e+00
  -5.8280160e-01
   2.0383774e+00
  -8.1324069e-01
   8.8201392e-01
  -7.5624623e-01
   3.1346276e-02
   3.3245787e-01
   4.7748475e-01
   6.5830826e-01
   7.6288977e-01
  -2.0958297e-01
   6.5266450e-01
  -1.1237512e+00
   1.0887488e+00
  -1.0477850e+00
   1.8047291e+00
  -1.9643849e-01
   1.7041220e+00
   3.1385535e-01
   6.8806200e-01
   1.6043053e+00
   1.2338328e-01
   2.6660013e+00
  -2.0558917e-02
   2.9243155e+00
   5.9872849e-01
   2.5680979e+00
   1.4739524e+00
  -3.1332935e-01
   2.8333823e-01
  -3.1820336e-01
   1.2328700e+00
  -1.1752587e-01
   8.6417085e-01
   1.5332581e+00
   1.0236444e+00
   8.7234191e-01
  -2.9837576e-01
   3.4175845e-01
   7.3541135e-01
  -7.0789373e-02
   1.1283326e+00
   5.2582208e-01
   1.6479256e+00
   1.0316116e+00
  -1.6113029e-01
   1.0198113e+00
  -8.8492085e-01
   9.3085106e-01
  -1.1669961e+00
   5.7481649e-01
  -1.2884570e-01
   8.2580781e-01
  -1.9258326e-01
   9.5993769e-01
  -8.8344875e-01
   1.1995430e+00
  -2.5748525e+00
   9.5189782e-01
  -9.4684639e-01
   1.1668951e+00
   1.4337365e-02
   1.0138306e-01
   8.7966617e-01
  -2.0785906e-01
  -7.0521873e-02
   2.9877253e-02
  -7.4998589e-02
   1.2803399e+00
  -4.2409880e-01
   1.5432187e+00
   5.7963135e-01
   2.0487652e+00
  -7.9692535e-02
  -1.0368940e+00
  -7.9660528e-01
   3.5376023e-01
  -4.0738945e-01
  -6.7762360e-02
   7.5612603e-01
   9.6909046e-01
   1.7438667e+00
  -1.2887503e+00
   7.9568904e-01
  -9.4841572e-01
   5.1684729e-01
  -4.2508228e-01
  -5.6154385e-01
   1.8239658e+00
  -6.4251713e-01
   1.9311316e+00
  -1.9082665e+00
   1.5612508e+00
  -1.3458806e+00
   4.3207536e-01
  -1.1073062e+00
   1.2268437e-01
   2.8071068e-01
   4.6203007e-01
   8.0306725e-02
   8.5907438e-01
  -6.6151917e-01
   1.1045555e+00
  -2.3451446e+00
   1.5097228e+00
  -1.6909213e+00
   1.7949241e+00
  -1.0924864e+00
   7.4680152e-01
  -1.6869488e-01
   1.5889131e-02
  -2.8389832e-01
   9.6107790e-02
  -3.6528708e-01
   1.3993547e+00
  -1.2940564e+00
   2.7784711e+00
  -1.3321348e+00
   3.9584625e+00
  -1.0093022e+00
   2.8961087e+00
  -2.5876152e+00
   1.0051162e+00
  -3.3004783e-01
   2.9728668e-01
   6.9214993e-01
  -1.5823103e-01
   2.9913119e+00
  -6.0183040e-01
   1.8737607e+00
  -1.4924417e+00
   1.5654221e+00
  -1.6935116e-01
   4.2059890e-01
   1.2716627e+00
   4.6124854e-01
   2.1504782e+00
  -2.1859843e-01
   1.2148352e+00
   4.3019620e-01
   8.4710110e-01
   7.1769215e-01
   4.3446935e-01
   1.1735450e+00
   9.4424900e-01
   1.4194800e+00
   6.4411091e-01
   1.3892523e+00
   1.9834987e-01
   9.0268973e-01
  -4.5132280e-01
   9.8645656e-01
   7.9627222e-01
   8.3051730e-01
   1.0930137e+00
   4.2336915e-01
   1.0833614e+00
   5.8182226e-01
   4.5575765e-01
   1.3132734e+00
   6.9657165e-01
   1.7282875e+00
   1.0455454e+00
   1.7334897e+00
   1.7313566e+00
   1.9536672e+00
   1.7030395e+00
   4.9644754e-01
  -6.6007998e-01
   1.3370225e+00
   3.0992353e-01
   1.4305507e+00
   4.1335268e-01
   1.9450042e+00
   1.4031197e+00
   9.6781578e-01
  -5.1270791e-01
   7.1205912e-01
   2.2353259e-02
   8.7127289e-01
   3.5523601e-01
   6.8087952e-01
   2.2307137e+00
   1.0413381e-01
   1.5001506e+00
  -3.1515962e-01
   7.8578811e-01
   8.7975931e-01
  -9.2857730e-01
   1.7208050e+00
  -8.2236043e-01
   2.2466051e+00
  -4.2659224e-02
   7.7097799e-01
   5.5508858e-01
  -6.3379404e-02
   5.4930595e-02
  -4.5443477e-01
  -3.2936224e-01
   8.9148964e-01
   1.7925718e-01
   1.1264778e-01
   1.1562968e+00
  -8.4227469e-01
   2.3000407e+00
  -1.5099594e+00
   1.7614131e+00
   6.3129790e-03
   5.8620559e-01
   1.5264545e+00
  -1.9706280e-03
   2.2362581e+00
   1.3439245e+00
   1.3054779e+00
   2.2524523e+00
  -1.7576954e+00
   8.9265520e-01
  -3.4624462e-01
   5.0672040e-01
   8.7451652e-01
  -1.1401367e-01
   1.9595712e+00
   7.3058585e-01
  -4.6116772e-01
   9.4944943e-01
  -1.8061091e+00
   2.1979236e+00
  -1.4369510e+00
   1.2698858e+00
   4.6793149e-01
   3.0618594e-02
   1.3385737e+00
  -1.3324718e+00
   5.9428465e-01
  -3.0456515e-01
  -7.5978627e-01
   7.7658047e-01
  -1.5371742e+00
   1.2138282e+00
  -6.2764761e-01
   1.5424414e-01
   4.2344364e-02
  -1.0471550e+00
   5.3270242e-01
  -1.4972023e+00
  -1.8164930e-01
  -7.9991813e-01
   3.5548143e-01
  -5.4582846e-01
   2.3205784e-01
  -1.0115525e+00
   7.7282933e-01
  -1.0371357e+00
   1.2026668e-01
  -3.8140606e-01
  -3.2705383e-01
   1.1126061e+00
  -1.0500944e+00
   1.7113427e+00
  -5.5855515e-01
   1.6852514e+00
   5.6711395e-01
   1.8780131e-01
  -4.1484361e-01
  -1.9973172e+00
   1.2128786e+00
  -1.4052220e+00
   9.5441647e-01
  -9.3934559e-01
   1.4797121e+00
  -4.2975640e-01
   3.7477767e-01
  -1.6894016e+00
   9.3726623e-02
  -8.9759639e-01
  -1.1936135e-01
  -3.2590203e-02
  -6.3459022e-01
   1.0211507e+00
  -1.2118575e+00
   4.5658397e-01
  -1.2507852e+00
  -2.1114074e-01
  -9.2692917e-02
  -1.2304722e+00
   8.0290210e-01
  -1.4622659e+00
   1.3319138e+00
  -1.1047578e+00
  -6.8486697e-02
  -3.3857462e-01
  -1.4907928e+00
   4.1485547e-01
  -2.2071904e+00
   6.7564700e-01
  -1.3348041e+00
  -1.4097414e-01
  -2.5721107e-01
  -1.8365492e+00
   9.7125819e-01
  -2.6658062e+00
   1.5073929e+00
  -2.5746670e+00
   1.4562727e+00
  -1.6045895e+00
   8.5295353e-01
  -7.2907970e-01
   2.5251072e-01
  -9.5389147e-02
   5.0963141e-01
   2.0988744e-01
  -9.4436974e-01
  -1.6754199e+00
  -4.3607099e-01
  -2.6918160e-01
  -1.0559546e+00
   3.2252558e-01
  -1.4627653e+00
   1.5655004e+00
  -1.9313299e+00
   9.3269300e-02
  -1.7203202e+00
  -3.1258227e-01
   1.7517690e-01
  -9.9999407e-01
   6.6521988e-01
  -8.5732864e-01
   4.8207184e-01
  -2.5687340e-01
  -1.1517547e+00
   6.0033372e-01
  -1.3300201e+00
   8.9812357e-01
  -8.6328390e-01
  -5.2336109e-02
   6.0359264e-01
  -5.2222953e-01
   4.8218453e-01
  -8.8575728e-01
  -1.9087949e-01
  -3.6494388e-01
  -9.7384916e-01
  -3.1917491e-01
   2.8465148e-01
  -1.0084349e+00
   1.5728731e+00
  -2.4473801e+00
   2.3488340e+00
  -2.2650355e+00
   1.8084899e+00
  -8.9554022e-01
   6.0053888e-01
   9.9920169e-01
  -5.1428626e-01
   1.7965932e+00
  -7.4423261e-01
   1.9908816e+00
   1.4490472e-01
   1.7944443e+00
  -3.4094528e-01
  -7.6775962e-01
  -4.5755746e-01
   2.0424230e-01
  -3.0064610e-01
   2.5803785e-01
  -1.8289477e-01
   1.2296486e+00
   4.2592203e-02
   2.7422228e-01
  -8.1634588e-01
   2.5898926e-02
   3.3772703e-01
  -2.8421440e-02
   9.7056576e-01
  -3.7569068e-01
   1.2091447e+00
   1.0085594e-01
  -1.8240231e-01
   8.0409028e-01
  -1.3080307e+00
   1.7112703e+00
  -1.5106325e+00
   1.2983855e+00
  -5.1390815e-01
   5.9822761e-01
   3.3021259e-01
  -4.3476170e-01
   1.9047000e-01
  -6.7172700e-01
  -6.1771167e-01
   2.0372762e-01
  -3.7912299e-01
   5.3237778e-01
  -3.3309014e-01
   1.5724371e-01
  -2.8215076e-01
   2.9169701e-01
  -8.5098814e-01
   1.0040500e+00
  -1.2257334e+00
   1.8671861e+00
  -1.2987092e+00
   1.6475347e+00
  -3.6654093e-01
   1.1368239e+00
   7.3188219e-01
  -7.3685885e-01
  -1.4592869e+00
  -4.9922890e-01
  -1.0837868e+00
   9.8320559e-01
  -2.5215081e+00
   1.7702658e+00
  -1.9867477e+00
   1.5763276e+00
  -2.6998728e+00
  -4.2771501e-01
  -1.7826135e+00
  -2.1273374e-01
  -1.1445210e+00
  -3.4494045e-01
  -1.1306595e+00
   1.3392868e-01
  -1.1855610e+00
  -7.1942837e-01
  -1.1443314e+00
  -1.1073632e+00
  -4.7646228e-01
  -1.3659978e+00
  -6.3445447e-01
  -9.4128893e-01
  -6.5461536e-01
  -5.3581416e-01
  -1.8649930e+00
  -5.3717048e-01
  -2.3190982e+00
  -3.5906400e-01
  -2.8082690e+00
  -3.1529270e-01
  -2.2988020e+00
  -2.1095688e-01
  -2.3440189e+00
  -4.3556829e-01
  -2.3317503e+00
  -1.1094941e-01
  -2.2734465e+00
  -1.8406602e-01
  -1.7487653e+00
  -4.0388084e-01
  -7.1543616e-01
  -1.2205665e+00
  -1.2850820e-01
  -1.2433485e+00
   2.3217590e-01
  -1.3446678e-01
  -1.0461982e+00
  -1.6291822e+00
  -2.5406519e+00
  -7.9530013e-01
  -8.5341443e-01
  -1.7650450e+00
   3.9126638e-01
  -2.3647881e+00
   1.3928958e+00
  -2.6287969e+00
  -1.2914001e+00
  -1.2148293e+00
  -2.3997900e+00
   1.1642793e+00
  -2.6401861e+00
   2.4802783e-01
  -6.6362439e-01
  -1.7480495e+00
   1.3233471e+00
  -3.9471446e+00
   1.6360639e+00
  -2.9939163e+00
   3.8023920e-01
  -8.5014114e-01
  -1.8035260e+00
   8.5073644e-01
  -1.9926387e+00
   1.5360858e-01
  -9.5387218e-01
  -1.8477190e+00
   6.7094058e-01
  -3.4066342e+00
   6.0599785e-01
  -2.5807482e+00
   4.5573530e-01
  -1.6519288e+00
  -2.2596179e-01
  -1.8627963e+00
   6.4281433e-01
  -2.4057448e+00
   1.3420241e+00
  -2.6923891e+00
   1.6090559e+00
  -1.4729370e+00
   8.7416502e-01
  -1.2065594e-01
   3.0261454e-01
   1.0113089e+00
  -2.5701891e-01
  -1.2861867e+00
  -1.4841770e+00
  -4.5905095e-01
  -4.5439345e-01
   1.7048061e-01
  -8.7588473e-01
   6.4151884e-01
   6.3868601e-02
  -4.3419339e-01
  -2.8068336e-01
  -2.3597226e+00
   1.3198304e+00
  -1.5121268e+00
   1.6622562e+00
  -5.9877504e-01
  -2.1646260e-01
   1.4667410e+00
  -2.0649641e+00
   2.0013797e+00
  -2.6940397e+00
   1.3808641e+00
  -7.4386324e-01
   6.5537834e-02
   7.0743004e-01
  -9.8125722e-01
   1.1288600e+00
  -7.0090851e-01
   2.3149679e-02
  -1.1169256e-01
  -7.9491553e-01
   5.6916635e-01
  -1.2062228e+00
   3.2100530e-01
  -5.4851110e-01
   1.0899885e-01
  -3.0296956e-01
   1.4500249e-01
  -7.5987125e-01
   9.3935270e-01
  -1.5384499e+00
   1.6160068e+00
  -1.9409132e+00
   2.0570349e+00
  -1.4204939e+00
   2.0348746e+00
  -8.7988695e-01
   1.5602559e+00
  -2.8474915e-01
   1.5069996e+00
   2.2551607e-01
   7.2106777e-01
  -1.6141990e+00
  -5.0831170e-01
  -1.7170008e-01
  -2.9761942e-02
   7.5544310e-01
  -7.8612971e-01
   1.5402451e+00
  -8.1090281e-01
   1.2168286e+00
  -1.6742299e+00
   4.4509148e-01
  -3.5269926e-01
   4.5020273e-01
   8.4629580e-01
  -6.5183269e-01
   1.2701142e+00
  -8.9429446e-01
   1.1310855e+00
  -1.1661168e+00
   4.0789300e-01
  -6.6735332e-01
   4.1042251e-01
  -2.4416286e-01
   3.1532969e-03
   7.0764917e-02
   4.5060155e-03
   1.4828621e-01
  -6.1815240e-01
  -2.3544100e-01
  -8.4784042e-01
  -5.3386549e-01
  -8.3084442e-01
  -3.0361098e-01
  -2.0883943e-01
  -4.6554260e-01
  -1.3685768e-01
  -5.1803409e-01
  -8.2741536e-02
  -1.6725377e-01
  -6.9780542e-01
   7.3224659e-01
  -1.0613090e+00
   2.0287626e+00
  -1.5936292e+00
   2.3875614e+00
  -1.7327209e+00
   2.1453884e+00
  -5.0985191e-01
   1.0303871e+00
  -9.6837033e-01
  -1.8348993e+00
   4.3635663e-01
  -1.2712416e+00
   1.0047531e+00
  -1.1266382e+00
   9.5029609e-02
   2.0873115e-01
  -4.5989554e-01
  -2.2477943e-01
  -1.3292938e+00
  -3.1773266e-01
  -4.3615411e-02
   2.5067745e-02
   6.0902650e-02
  -3.3778616e-01
  -6.0286830e-02
   7.0190224e-02
  -3.7493499e-01
  -3.7364742e-01
  -5.6190739e-01
  -6.7548505e-01
   4.2033641e-01
  -1.1585858e+00
   8.2110409e-01
  -1.3952538e+00
   6.9041056e-01
  -1.1181248e+00
  -9.6138669e-02
  -1.0425965e+00
  -3.9953531e-01
  -9.5317151e-01
  -6.5008076e-01
  -8.7241921e-01
  -4.5028156e-01
  -7.0894345e-02
  -1.0092433e+00
   7.7065906e-01
  -1.7821543e+00
   1.5754307e+00
  -1.7708609e+00
   1.1914141e+00
  -7.0456544e-01
   3.2477434e-01
   8.6745505e-01
  -6.8005658e-01
   1.3390893e+00
  -7.9796884e-01
   1.2681543e+00
   5.2745167e-02
   8.7126261e-01
   4.5783080e-01
  -1.2659004e+00
  -4.6425020e-01
  -1.3068682e+00
   4.7069484e-01
  -6.7060974e-01
   6.8942967e-01
  -7.1857006e-01
   8.7813975e-01
  -5.3938084e-01
   2.4078921e-01
  -9.9355748e-01
  -3.3845084e-01
  -4.4078976e-01
   3.6612285e-01
  -2.7685668e-01
   6.3019123e-01
  -8.9185249e-01
   1.2082854e+00
  -1.2592376e+00
   1.1380898e+00
  -1.8348320e+00
   6.0773523e-01
  -9.2629033e-01
   4.0541067e-01
   3.2009794e-01
  -3.1525754e-01
   8.1482182e-01
  -6.4926286e-01
   5.4708845e-01
  -7.4709532e-01
  -5.2805550e-01
   9.4813842e-02
  -2.5245273e-01
   1.0626075e+00
  -3.4829889e-01
   5.4215693e-01
   7.5772415e-02
   1.4915586e-01
   5.8575068e-01
  -6.0528003e-01
   6.2680711e-01
  -2.8392486e-01
   9.0785506e-01
   4.8413975e-01
   5.7782380e-01
   8.6149165e-01
   6.6160509e-01
   1.0496471e+00
   1.2991093e+00
   1.2651149e-01
   7.4092011e-01
  -1.7739684e+00
   1.8755106e+00
  -1.4401457e+00
   2.7536992e+00
  -1.2131243e+00
   2.1653299e+00
  -1.3318457e-01
   1.5964684e+00
   2.7176861e-01
   4.6064178e-01
   8.7412778e-02
   1.0950862e+00
   1.2498184e-01
   2.1619274e+00
  -5.5625714e-01
   2.5367659e+00
  -5.0998563e-01
   2.2941489e+00
  -2.5960819e-01
   9.2689566e-01
  -1.5418947e-01
   7.0820465e-01
   1.1965105e-01
   1.3911903e+00
  -1.4414873e-01
   1.8442475e+00
  -2.2012880e-01
   1.5386584e+00
  -2.4188899e-01
   7.5283528e-01
  -8.7872364e-02
   6.1666550e-01
  -2.6866273e-01
   1.1577426e+00
  -3.8614695e-01
   1.6899709e+00
  -2.0523693e-01
   1.2263887e+00
   3.1547855e-01
   5.1846317e-01
   7.9849184e-01
   4.4601295e-01
   4.4332638e-01
   1.6116734e+00
  -4.8454768e-01
   2.8018847e+00
  -1.1904483e+00
   2.8726384e+00
  -2.5530922e-01
   1.4669611e+00
   1.4613075e+00
  -6.0706977e-01
   2.5169405e+00
  -2.0913163e+00
   2.4370968e+00
  -1.5140524e+00
   2.2588636e+00
  -6.0167762e-01
   2.0372853e+00
  -6.1792583e-01
   2.5784565e+00
  -1.1571483e+00
   2.7556199e+00
  -1.5130630e+00
   2.2306023e+00
  -5.8516883e-01
   1.2997923e+00
   6.2363209e-01
   4.1056510e-01
   9.0211592e-01
   5.8075249e-01
   9.2128983e-03
   1.2997893e+00
  -1.3718096e+00
   1.8685755e+00
  -1.5681639e+00
   1.8588330e+00
  -6.0440259e-01
   9.6446619e-01
   4.1540244e-01
   3.9309662e-01
   7.7877635e-01
   7.1187198e-01
   2.0624422e-01
   1.4337210e+00
  -4.8850884e-01
   1.7410174e+00
  -2.4139073e-01
   1.4131486e+00
   4.2761155e-01
  -4.8211204e-01
   6.9907475e-01
  -1.3181759e+00
   9.1496487e-01
  -9.7037663e-01
   2.1505653e-01
  -2.6343571e-01
  -6.2543624e-02
   4.7738557e-01
   4.4036214e-01
   1.4927026e-01
   1.0441669e+00
  -8.9482585e-01
   1.6719776e+00
  -1.5131103e+00
   1.6286704e+00
  -1.5979763e+00
   1.0637670e+00
  -9.9694967e-01
   7.0646697e-01
  -3.7267012e-01
   2.8261399e-01
  -7.1245354e-02
   8.2138683e-02
   3.6616143e-01
  -1.0411099e-01
   6.1658985e-01
  -5.0916465e-01
   9.4904217e-01
  -7.0620958e-01
   1.3295053e+00
  -9.1948153e-01
   1.5777817e+00
  -1.0178317e+00
   1.5580839e+00
  -9.0556278e-01
   1.2754606e+00
  -5.1044526e-01
   7.1760771e-01
   9.6526614e-02
  -1.6659835e-02
   4.7399328e-01
  -4.1991445e-01
   7.2274434e-01
  -4.3766331e-02
   3.0742841e-01
   4.7444707e-01
  -4.8757196e-01
   1.1405859e+00
  -8.7356938e-01
   1.4164601e+00
  -9.1042486e-01
   1.2284208e+00
  -3.8840020e-01
   8.3377782e-01
  -2.7371935e-02
   3.2005165e-01
   7.8008764e-02
   2.8092104e-01
   2.3361046e-01
   3.9197941e-01
   4.1074104e-01
   2.5583077e-01
   5.2966998e-01
  -2.4371423e-02
   6.6644404e-01
  -2.5675330e-01
   8.8306037e-01
  -5.7177019e-01
   1.1383477e+00
  -1.0271963e+00
   1.5462473e+00
  -1.2064327e+00
   1.6217010e+00
  -1.0073379e+00
   1.1250531e+00
  -1.7421261e-01
   3.3736340e-01
   6.4757186e-01
  -2.2434484e-01
   1.0072452e+00
  -4.3298783e-01
   9.8902420e-01
  -3.4624764e-01
   1.2613881e+00
  -4.2339964e-01
   1.6205879e+00
  -4.6212535e-01
   1.5808256e+00
   2.0569026e-01
   6.4491087e-01
   1.4437165e+00
  -4.6737936e-01
   2.4173424e+00
  -5.8484208e-01
   2.1961321e+00
   3.2784961e-01
   1.1115362e+00
   1.1708519e+00
   4.8468308e-01
   8.4434602e-01
   1.0941471e+00
  -2.3670893e-01
   1.8521577e+00
  -8.0062765e-01
   1.5000531e+00
   1.1183274e-01
   1.0340815e-01
   1.2813779e+00
  -8.5274088e-01
   1.2299371e+00
  -8.5133802e-02
  -1.3105274e-01
   1.3704877e+00
  -1.3349253e+00
   1.7584014e+00
  -8.2596620e-01
   4.8622790e-01
   7.3358414e-01
  -1.1300699e+00
   1.6105539e+00
  -1.3059451e+00
   6.9459795e-01
   1.0900404e-01
  -8.9388071e-01
   1.6181358e+00
  -1.6284501e+00
   1.6720290e+00
  -9.5059396e-01
   5.6583081e-01
   2.8316397e-01
  -4.7583211e-01
   9.8738203e-01
  -7.7110768e-01
   1.0183685e+00
  -7.1571984e-01
   1.0071848e+00
  -7.8364016e-01
   1.1932796e+00
  -1.0044308e+00
   1.1534265e+00
  -8.4921348e-01
   6.4096348e-01
  -4.2421350e-01
   1.1183545e-01
  -8.7534104e-02
   1.9991900e-01
  -2.8479933e-01
   3.5033073e-01
  -6.6410387e-01
   1.0041720e-01
  -3.3244072e-01
  -7.5498143e-01
   4.2306231e-01
  -1.6721717e+00
   9.4421855e-01
  -1.6128475e+00
   5.0911120e-01
  -8.8519327e-01
  -5.8282903e-01
   4.1252043e-02
  -1.2549433e+00
   5.5660518e-01
  -1.3920697e+00
   6.0034393e-01
  -1.2601658e+00
   5.5567062e-01
  -1.1183300e+00
   5.0474537e-01
  -9.1675719e-01
   2.5203302e-01
  -7.3933748e-01
  -2.0107975e-01
  -7.0981908e-01
  -2.4483413e-01
  -9.6683946e-01
   3.2029405e-01
  -1.3393510e+00
   7.4882422e-01
  -1.4539715e+00
   4.8451817e-01
  -8.7115451e-01
  -2.5702466e-01
  -2.0894405e-01
  -7.4824295e-01
  -1.5261902e-01
  -4.1534672e-01
  -6.7605034e-01
   5.0954985e-02
  -1.0363851e+00
  -1.2548792e-01
  -5.6076599e-01
  -1.0614454e+00
   3.5632525e-01
  -1.8834672e+00
   8.4145645e-01
  -1.6885251e+00
   3.8596768e-01
  -7.1401736e-01
  -5.4413228e-01
   1.7845246e-01
  -1.0229910e+00
   3.6061428e-01
  -8.6034336e-01
   1.3577748e-01
  -3.7283728e-01
  -3.1875569e-02
  -1.7426281e-01
  -1.6753189e-01
   4.8419045e-02
  -5.4719517e-01
   5.8919166e-01
  -1.3292079e+00
   1.3249886e+00
  -1.7347613e+00
   1.5422849e+00
  -1.2844426e+00
   8.1295051e-01
  -1.5814197e-01
  -2.6741185e-01
   6.5801503e-01
  -8.0856119e-01
   5.1622804e-01
  -3.9816909e-01
  -1.9400792e-01
   2.0253641e-01
  -5.9540301e-01
   2.0332415e-01
  -1.9535484e-01
  -4.5904072e-01
   5.3407198e-01
  -9.9954608e-01
   8.3631775e-01
  -8.1721411e-01
   3.3915380e-01
   1.8657013e-02
  -5.9536299e-01
   9.4331804e-01
  -1.3461131e+00
   1.4883811e+00
  -1.6444263e+00
   1.4397899e+00
  -1.4758269e+00
   1.0489862e+00
  -9.3861803e-01
   5.2202543e-01
  -2.2422845e-01
   1.3908648e-01
   1.6231017e-01
  -1.1128093e-02
   6.8854079e-02
   1.2330465e-01
  -2.1251659e-01
   2.4165527e-01
  -1.4611469e-01
   7.6876549e-02
   2.2578347e-01
  -4.1892168e-01
   6.5876821e-01
  -6.9463903e-01
   6.0051715e-01
  -4.2979392e-01
  -1.0859517e-01
   3.2775692e-01
  -9.3913039e-01
   9.4815943e-01